0.00   0.00   0.00  
0.00   0.00   0.00  
0.02   0.02   0.01  
0.72   0.41   0.38  
0.00   0.00   0.00  
0.00   0.00   0.00  
0.49   0.35   0.16  
0.00   0.00   0.00  
0.00   0.00   0.00  
0.00   0.00   0.00  
0.00   0.00   0.00  
0.31   0.02   0.38  
5.06   4.08   5.77  
0.01   0.17   1.85  
0.00   0.00   1.59  
0.04   0.00   0.96  
0.00   0.00   0.09  
0.12   0.11   1.41  
30.80  26.59  21.85 
1.71   1.21   2.20  
0.10   0.00   0.00  
3.86   4.42   2.70  
3.91   4.69   2.46  
4.93   5.41   2.26  
12.71  14.45  9.18  
0.00   0.00   5.42  
5.79   5.97   3.68  
0.00   0.00   4.63  
14.98  16.14  14.15 
0.74   0.33   1.61  
0.00   0.00   0.00  
44.84  48.03  48.15 
2.07   2.57   0.87  
0.00   0.00   19.91 
0.00   0.00   0.03  
10.24  10.63  8.09  
0.20   0.00   0.00  
36.88  12.38  77.74 
26.23  16.03  88.81 
33.55  17.52  69.60 
26.23  16.03  88.81 
5.79   11.13  88.93 
19.41  11.03  109.64
7.90   5.51   42.99 
0.15   0.64   8.22  
21.40  10.63  110.91
18.51  5.49   118.48
37.61  13.86  73.61 
41.91  13.04  78.81 
42.31  16.52  68.97 
14.76  8.81   98.55 
16.48  12.84  136.47
36.75  16.70  124.34
12.77  6.48   114.78
15.80  5.21   123.63
28.52  9.23   85.59 
27.50  6.17   114.89
17.68  11.72  50.91 
12.15  39.15  133.67
12.70  12.87  51.27 
8.45   5.28   108.33
3.82   36.06  88.08 
16.37  44.55  171.12
5.81   11.01  85.90 
7.85   10.22  130.96
19.06  6.55   135.18
18.97  10.93  115.45
36.88  12.38  77.74 
36.88  12.38  77.74 
26.23  16.03  88.81 
36.56  22.88  68.22 
18.97  10.93  115.45
0.99   0.49   25.04 
55.44  13.12  94.22 
42.38  14.29  99.86 
44.02  15.29  76.85 
49.67  15.70  79.83 
34.20  13.98  98.04 
38.44  28.00  161.94
29.25  8.04   153.35
11.92  4.69   86.67 
6.18   10.21  86.99 
9.28   7.12   100.47
5.95   10.23  76.24 
5.87   2.85   68.35 
15.80  5.21   123.63
23.25  7.76   122.87
8.79   4.68   79.48 
32.31  11.72  129.63
35.58  13.23  154.60
24.79  8.58   84.00 
0.48   6.54   14.63 
1.25   6.28   32.42 
0.47   10.08  101.33
9.71   14.52  128.20
13.88  30.14  238.54
0.82   12.57  62.20 
2.41   32.58  59.82 
12.37  17.56  48.10 
2.04   26.84  53.63 
8.11   56.60  111.01
0.40   11.27  34.20 
0.90   11.38  43.32 
1.56   7.87   24.17 
0.00   2.16   11.13 
2.84   0.91   24.30 
4.09   0.15   35.65 
20.15  41.61  62.05 
1.07   5.85   7.17  
1.58   34.91  41.79 
4.08   13.56  34.58 
5.71   23.69  39.34 
10.27  50.29  81.25 
0.54   0.04   16.24 
9.20   23.48  34.88 
0.00   0.00   0.00  
10.27  50.29  81.25 
15.59  61.84  151.96
4.94   59.72  102.44
9.91   38.57  61.84 
3.73   17.92  87.79 
0.01   0.00   14.77 
0.00   0.00   10.10 
2.65   0.12   37.26 
0.00   0.00   0.11  
0.23   0.01   1.38  
0.00   0.00   0.00  
1.31   22.70  68.95 
0.00   0.00   0.07  
9.59   0.88   38.15 
0.00   0.00   0.09  
1.86   0.04   9.13  
0.00   0.00   10.46 
0.00   0.00   0.03  
0.00   0.00   2.40  
0.00   0.02   15.81 
0.06   4.11   78.31 
0.00   0.01   28.12 
0.00   0.88   76.98 
0.01   6.61   70.81 
20.78  36.40  73.31 
1.15   0.09   17.34 
1.00   1.52   36.90 
0.00   0.06   6.91  
0.52   9.32   24.09 
0.00   0.00   0.00  
6.57   5.54   33.26 
0.27   0.03   6.86  
2.84   0.91   24.30 
9.59   0.88   38.15 
0.00   0.00   0.09  
14.02  89.12  114.92
9.95   21.27  42.96 
7.51   32.47  73.01 
9.45   23.98  86.19 
0.00   0.00   5.73  
0.01   0.02   2.87  
0.14   0.00   0.50  
0.08   0.00   2.68  
18.42  43.11  99.14 
0.00   0.00   37.11 
0.37   0.08   68.94 
0.00   0.00   49.70 
31.73  23.66  105.47
0.00   0.75   48.73 
0.00   0.00   7.67  
9.80   6.87   31.10 
0.00   0.31   27.93 
0.08   0.09   11.56 
1.05   0.44   20.29 
0.02   0.01   20.63 
0.00   0.00   1.16  
0.00   0.01   70.47 
0.06   4.63   65.26 
0.00   0.16   23.76 
0.00   0.01   20.83 
0.00   1.25   26.49 
0.00   2.23   35.35 
0.00   0.05   64.45 
0.00   0.00   7.23  
0.00   0.16   23.76 
0.38   0.13   32.92 
0.00   0.00   28.96 
0.00   0.00   3.42  
0.00   0.00   9.16  
0.00   0.00   1.50  
0.02   1.66   56.27 
0.00   0.00   32.40 
0.23   1.72   83.06 
0.00   0.00   0.00  
0.62   8.31   102.88
1.22   50.78  19.33 
5.41   0.19   15.34 
9.64   0.57   16.21 
5.51   0.39   25.98 
0.00   0.00   0.00  
16.92  5.44   16.52 
0.38   0.01   6.32  
9.92   0.53   3.78  
24.09  29.85  18.49 
22.44  29.06  16.37 
5.18   5.51   20.45 
15.04  31.40  20.69 
5.42   7.48   20.83 
6.32   13.09  20.29 
2.78   33.94  24.21 
1.89   52.83  15.36 
5.59   11.02  18.91 
1.33   7.14   22.41 
5.16   5.76   38.46 
2.15   9.87   33.90 
1.30   42.83  21.77 
5.68   36.97  13.58 
17.10  6.93   5.27  
19.33  1.08   12.39 
10.97  26.97  19.06 
0.00   0.00   0.01  
0.00   0.00   0.22  
0.00   0.00   0.00  
0.00   0.00   0.01  
3.77   13.27  18.37 
2.10   14.40  16.16 
5.26   35.36  13.17 
18.35  49.09  12.82 
8.98   37.70  17.37 
5.86   15.56  57.59 
19.96  35.32  129.95
0.00   0.00   0.28  
0.00   0.00   0.20  
6.09   26.37  8.31  
0.07   0.00   0.68  
3.84   3.68   1.10  
0.01   0.00   0.35  
3.75   3.23   4.84  
0.01   0.00   3.16  
0.96   0.02   7.91  
0.30   0.01   3.45  
4.97   2.50   13.21 
6.31   37.98  14.19 
4.75   37.41  13.90 
5.67   30.28  15.15 
8.14   16.09  24.01 
7.05   2.84   53.46 
0.00   0.00   0.10  
0.24   0.00   1.45  
0.00   0.00   0.02  
0.00   0.00   0.00  
1.24   85.96  66.08 
0.43   54.00  60.48 
1.67   0.00   1.38  
10.52  13.75  20.82 
14.41  2.21   20.54 
15.47  14.17  20.78 
6.62   1.44   2.78  
1.26   0.00   0.21  
10.65  1.80   1.57  
0.95   0.04   0.49  
19.92  19.74  12.67 
6.33   54.66  28.15 
6.33   54.66  28.15 
11.83  33.75  200.87
3.04   7.06   3.28  
12.78  30.86  10.91 
4.20   26.73  12.60 
0.00   0.00   0.08  
0.13   3.29   5.41  
3.74   14.38  13.37 
0.60   0.17   6.19  
0.41   0.00   7.63  
0.18   0.00   1.23  
0.30   0.01   3.45  
6.39   2.25   5.78  
13.51  7.21   18.92 
9.55   10.80  80.76 
